0.000000000000000000e+00 0.000000000000000000e+00 0.000000000000000000e+00
0.000000000000000000e+00 0.000000000000000000e+00 0.000000000000000000e+00
0.000000000000000000e+00 0.000000000000000000e+00 0.000000000000000000e+00
0.000000000000000000e+00 0.000000000000000000e+00 0.000000000000000000e+00
0.000000000000000000e+00 0.000000000000000000e+00 0.000000000000000000e+00
0.000000000000000000e+00 0.000000000000000000e+00 0.000000000000000000e+00
0.000000000000000000e+00 0.000000000000000000e+00 0.000000000000000000e+00
0.000000000000000000e+00 0.000000000000000000e+00 0.000000000000000000e+00
0.000000000000000000e+00 0.000000000000000000e+00 0.000000000000000000e+00
0.000000000000000000e+00 0.000000000000000000e+00 0.000000000000000000e+00
0.000000000000000000e+00 0.000000000000000000e+00 0.000000000000000000e+00
0.000000000000000000e+00 0.000000000000000000e+00 0.000000000000000000e+00
0.000000000000000000e+00 0.000000000000000000e+00 0.000000000000000000e+00
0.000000000000000000e+00 0.000000000000000000e+00 0.000000000000000000e+00
0.000000000000000000e+00 0.000000000000000000e+00 0.000000000000000000e+00
0.000000000000000000e+00 0.000000000000000000e+00 0.000000000000000000e+00
0.000000000000000000e+00 0.000000000000000000e+00 0.000000000000000000e+00
0.000000000000000000e+00 0.000000000000000000e+00 0.000000000000000000e+00
0.000000000000000000e+00 0.000000000000000000e+00 0.000000000000000000e+00
0.000000000000000000e+00 0.000000000000000000e+00 0.000000000000000000e+00
0.000000000000000000e+00 0.000000000000000000e+00 0.000000000000000000e+00
4.909578014383056300e-20 4.909578014383056300e-20 4.909578014383056300e-20
1.482953685753429508e-18 1.482953685753429508e-18 1.482953685753429508e-18
5.230377797538210416e-10 5.230377797538210416e-10 5.230377797538210416e-10
2.199539439473596758e-09 2.199539439473596758e-09 2.199539439473596758e-09
2.680946309396858851e-08 2.680946309396858851e-08 2.680946309396858851e-08
9.848955073721299414e-08 9.848955073721299414e-08 9.848955073721299414e-08
4.786225531461241189e-07 4.786225531461241189e-07 4.786225531461241189e-07
1.428523887625487987e-06 1.428523887625487987e-06 1.428523887625487987e-06
4.176992661086842418e-06 4.176992661086842418e-06 4.176992661086842418e-06
9.773690180736593902e-06 9.773690180736593902e-06 9.773690180736593902e-06
2.031442272709682584e-05 2.031442272709682584e-05 2.031442272709682584e-05
3.696454587043263018e-05 3.696454587043263018e-05 3.696454587043263018e-05
5.916234658798202872e-05 5.916234658798202872e-05 5.916234658798202872e-05
8.504486322635784745e-05 8.504486322635784745e-05 8.504486322635784745e-05
1.104466282413341105e-04 1.104466282413341105e-04 1.104466282413341105e-04
1.323154865531250834e-04 1.323154865531250834e-04 1.323154865531250834e-04
1.509417343186214566e-04 1.509417343186214566e-04 1.509417343186214566e-04
1.699380372883751988e-04 1.699380372883751988e-04 1.699380372883751988e-04
1.955378538696095347e-04 1.955378538696095347e-04 1.955378538696095347e-04
2.341150684515014291e-04 2.341150684515014291e-04 2.341150684515014291e-04
2.891010080929845572e-04 2.891010080929845572e-04 2.891010080929845572e-04
3.609246632549911737e-04 3.609246632549911737e-04 3.609246632549911737e-04
4.481832438614219427e-04 4.481832438614219427e-04 4.481832438614219427e-04
5.482365959323942661e-04 5.482365959323942661e-04 5.482365959323942661e-04
6.584352813661098480e-04 6.584352813661098480e-04 6.584352813661098480e-04
7.786838104948401451e-04 7.786838104948401451e-04 7.786838104948401451e-04
9.127798257395625114e-04 9.127798257395625114e-04 9.127798257395625114e-04
1.068814657628536224e-03 1.068814657628536224e-03 1.068814657628536224e-03
1.257468829862773418e-03 1.257468829862773418e-03 1.257468829862773418e-03
1.489987946115434170e-03 1.489987946115434170e-03 1.489987946115434170e-03
1.774917473085224628e-03 1.774917473085224628e-03 1.774917473085224628e-03
2.118185162544250488e-03 2.118185162544250488e-03 2.118185162544250488e-03
2.523248316720128059e-03 2.523248316720128059e-03 2.523248316720128059e-03
2.993184374645352364e-03 2.993184374645352364e-03 2.993184374645352364e-03
3.532327245920896530e-03 3.532327245920896530e-03 3.532327245920896530e-03
4.149839747697114944e-03 4.149839747697114944e-03 4.149839747697114944e-03
4.861951805651187897e-03 4.861951805651187897e-03 4.861951805651187897e-03
5.691315513104200363e-03 5.691315513104200363e-03 5.691315513104200363e-03
6.665590684860944748e-03 6.665590684860944748e-03 6.665590684860944748e-03
7.814284414052963257e-03 7.814284414052963257e-03 7.814284414052963257e-03
9.167579002678394318e-03 9.167579002678394318e-03 9.167579002678394318e-03
1.075379364192485809e-02 1.075379364192485809e-02 1.075379364192485809e-02
1.259998977184295654e-02 1.259998977184295654e-02 1.259998977184295654e-02
1.473443862050771713e-02 1.473443862050771713e-02 1.473443862050771713e-02
1.719038747251033783e-02 1.719038747251033783e-02 1.719038747251033783e-02
2.001136168837547302e-02 2.001136168837547302e-02 2.001136168837547302e-02
2.325536124408245087e-02 2.325536124408245087e-02 2.325536124408245087e-02
2.699591591954231262e-02 2.699591591954231262e-02 2.699591591954231262e-02
3.132284432649612427e-02 3.132284432649612427e-02 3.132284432649612427e-02
3.633712604641914368e-02 3.633712604641914368e-02 3.633712604641914368e-02
4.214445874094963074e-02 4.214445874094963074e-02 4.214445874094963074e-02
4.885111004114151001e-02 4.885111004114151001e-02 4.885111004114151001e-02
5.656172335147857666e-02 5.656172335147857666e-02 5.656172335147857666e-02
6.538500636816024780e-02 6.538500636816024780e-02 6.538500636816024780e-02
7.544865459203720093e-02 7.544865459203720093e-02 7.544865459203720093e-02
8.691521733999252319e-02 8.691521733999252319e-02 8.691521733999252319e-02
9.999416768550872803e-02 9.999416768550872803e-02 9.999416768550872803e-02
1.149455159902572632e-01 1.149455159902572632e-01 1.149455159902572632e-01
1.320677846670150757e-01 1.320677846670150757e-01 1.320677846670150757e-01
1.516744494438171387e-01 1.516744494438171387e-01 1.516744494438171387e-01
1.740743517875671387e-01 1.740743517875671387e-01 1.740743517875671387e-01
1.995684206485748291e-01 1.995684206485748291e-01 1.995684206485748291e-01
2.284689098596572876e-01 2.284689098596572876e-01 2.284689098596572876e-01
2.611402869224548340e-01 2.611402869224548340e-01 2.611402869224548340e-01
2.980452775955200195e-01 2.980452775955200195e-01 2.980452775955200195e-01
3.397693634033203125e-01 3.397693634033203125e-01 3.397693634033203125e-01
3.870083391666412354e-01 3.870083391666412354e-01 3.870083391666412354e-01
4.405231773853302002e-01 4.405231773853302002e-01 4.405231773853302002e-01
5.010848045349121094e-01 5.010848045349121094e-01 5.010848045349121094e-01
5.694433450698852539e-01 5.694433450698852539e-01 5.694433450698852539e-01
6.463502645492553711e-01 6.463502645492553711e-01 6.463502645492553711e-01
7.326337099075317383e-01 7.326337099075317383e-01 7.326337099075317383e-01
8.292911052703857422e-01 8.292911052703857422e-01 8.292911052703857422e-01
9.375509023666381836e-01 9.375509023666381836e-01 9.375509023666381836e-01
1.058867931365966797e+00 1.058867931365966797e+00 1.058867931365966797e+00
1.194847702980041504e+00 1.194847702980041504e+00 1.194847702980041504e+00
1.347142338752746582e+00 1.347142338752746582e+00 1.347142338752746582e+00
1.517389059066772461e+00 1.517389059066772461e+00 1.517389059066772461e+00
1.707235693931579590e+00 1.707235693931579590e+00 1.707235693931579590e+00
1.918455719947814941e+00 1.918455719947814941e+00 1.918455719947814941e+00
2.153093099594116211e+00 2.153093099594116211e+00 2.153093099594116211e+00
2.413559675216674805e+00 2.413559675216674805e+00 2.413559675216674805e+00
2.702628135681152344e+00 2.702628135681152344e+00 2.702628135681152344e+00
3.023315191268920898e+00 3.023315191268920898e+00 3.023315191268920898e+00
3.378738164901733398e+00 3.378738164901733398e+00 3.378738164901733398e+00
3.772033691406250000e+00 3.772033691406250000e+00 3.772033691406250000e+00
4.206404685974121094e+00 4.206404685974121094e+00 4.206404685974121094e+00
4.685276031494140625e+00 4.685276031494140625e+00 4.685276031494140625e+00
5.212473392486572266e+00 5.212473392486572266e+00 5.212473392486572266e+00
5.792321205139160156e+00 5.792321205139160156e+00 5.792321205139160156e+00
6.429595947265625000e+00 6.429595947265625000e+00 6.429595947265625000e+00
7.129371166229248047e+00 7.129371166229248047e+00 7.129371166229248047e+00
7.896858692169189453e+00 7.896858692169189453e+00 7.896858692169189453e+00
8.737352371215820312e+00 8.737352371215820312e+00 8.737352371215820312e+00
9.656312942504882812e+00 9.656312942504882812e+00 9.656312942504882812e+00
1.065955257415771484e+01 1.065955257415771484e+01 1.065955257415771484e+01
1.175338935852050781e+01 1.175338935852050781e+01 1.175338935852050781e+01
1.294467067718505859e+01 1.294467067718505859e+01 1.294467067718505859e+01
1.424067211151123047e+01 1.424067211151123047e+01 1.424067211151123047e+01
1.564889907836914062e+01 1.564889907836914062e+01 1.564889907836914062e+01
1.717697143554687500e+01 1.717697143554687500e+01 1.717697143554687500e+01
1.883263206481933594e+01 1.883263206481933594e+01 1.883263206481933594e+01
2.062387466430664062e+01 2.062387466430664062e+01 2.062387466430664062e+01
2.255909729003906250e+01 2.255909729003906250e+01 2.255909729003906250e+01
2.464714241027832031e+01 2.464714241027832031e+01 2.464714241027832031e+01
2.689721298217773438e+01 2.689721298217773438e+01 2.689721298217773438e+01
2.931866836547851562e+01 2.931866836547851562e+01 2.931866836547851562e+01
3.192085266113281250e+01 3.192085266113281250e+01 3.192085266113281250e+01
3.471306991577148438e+01 3.471306991577148438e+01 3.471306991577148438e+01
3.770465850830078125e+01 3.770465850830078125e+01 3.770465850830078125e+01
4.090510559082031250e+01 4.090510559082031250e+01 4.090510559082031250e+01
4.432406616210937500e+01 4.432406616210937500e+01 4.432406616210937500e+01
4.797125625610351562e+01 4.797125625610351562e+01 4.797125625610351562e+01
5.185620117187500000e+01 5.185620117187500000e+01 5.185620117187500000e+01
5.598804092407226562e+01 5.598804092407226562e+01 5.598804092407226562e+01
6.037544250488281250e+01 6.037544250488281250e+01 6.037544250488281250e+01
6.502662658691406250e+01 6.502662658691406250e+01 6.502662658691406250e+01
6.994945526123046875e+01 6.994945526123046875e+01 6.994945526123046875e+01
7.515139007568359375e+01 7.515139007568359375e+01 7.515139007568359375e+01
8.063939666748046875e+01 8.063939666748046875e+01 8.063939666748046875e+01
8.641965484619140625e+01 8.641965484619140625e+01 8.641965484619140625e+01
9.249726104736328125e+01 9.249726104736328125e+01 9.249726104736328125e+01
9.887610626220703125e+01 9.887610626220703125e+01 9.887610626220703125e+01
1.055588684082031250e+02 1.055588684082031250e+02 1.055588684082031250e+02
1.125470581054687500e+02 1.125470581054687500e+02 1.125470581054687500e+02
1.198409805297851562e+02 1.198409805297851562e+02 1.198409805297851562e+02
1.274395523071289062e+02 1.274395523071289062e+02 1.274395523071289062e+02
1.353400268554687500e+02 1.353400268554687500e+02 1.353400268554687500e+02
1.435377197265625000e+02 1.435377197265625000e+02 1.435377197265625000e+02
1.520257568359375000e+02 1.520257568359375000e+02 1.520257568359375000e+02
1.607951354980468750e+02 1.607951354980468750e+02 1.607951354980468750e+02
1.698347625732421875e+02 1.698347625732421875e+02 1.698347625732421875e+02
1.791313629150390625e+02 1.791313629150390625e+02 1.791313629150390625e+02
1.886693267822265625e+02 1.886693267822265625e+02 1.886693267822265625e+02
1.984304351806640625e+02 1.984304351806640625e+02 1.984304351806640625e+02
2.083935699462890625e+02 2.083935699462890625e+02 2.083935699462890625e+02
2.185346221923828125e+02 2.185346221923828125e+02 2.185346221923828125e+02
2.288265228271484375e+02 2.288265228271484375e+02 2.288265228271484375e+02
2.392392730712890625e+02 2.392392730712890625e+02 2.392392730712890625e+02
2.497401275634765625e+02 2.497401275634765625e+02 2.497401275634765625e+02
2.602932739257812500e+02 2.602932739257812500e+02 2.602932739257812500e+02
2.708596801757812500e+02 2.708596801757812500e+02 2.708596801757812500e+02
2.813969421386718750e+02 2.813969421386718750e+02 2.813969421386718750e+02
2.918592529296875000e+02 2.918592529296875000e+02 2.918592529296875000e+02
3.021977539062500000e+02 3.021977539062500000e+02 3.021977539062500000e+02
3.123605346679687500e+02 3.123605346679687500e+02 3.123605346679687500e+02
3.222928161621093750e+02 3.222928161621093750e+02 3.222928161621093750e+02
3.319370422363281250e+02 3.319370422363281250e+02 3.319370422363281250e+02
3.412327575683593750e+02 3.412327575683593750e+02 3.412327575683593750e+02
3.501165161132812500e+02 3.501165161132812500e+02 3.501165161132812500e+02
3.585222167968750000e+02 3.585222167968750000e+02 3.585222167968750000e+02
3.663815307617187500e+02 3.663815307617187500e+02 3.663815307617187500e+02
3.736242370605468750e+02 3.736242370605468750e+02 3.736242370605468750e+02
3.801784667968750000e+02 3.801784667968750000e+02 3.801784667968750000e+02
3.859709777832031250e+02 3.859709777832031250e+02 3.859709777832031250e+02
3.909272460937500000e+02 3.909272460937500000e+02 3.909272460937500000e+02
3.949716186523437500e+02 3.949716186523437500e+02 3.949716186523437500e+02
3.980278930664062500e+02 3.980278930664062500e+02 3.980278930664062500e+02
4.000199584960937500e+02 4.000199584960937500e+02 4.000199584960937500e+02
4.008721923828125000e+02 4.008721923828125000e+02 4.008721923828125000e+02
4.005101318359375000e+02 4.005101318359375000e+02 4.005101318359375000e+02
3.988605346679687500e+02 3.988605346679687500e+02 3.988605346679687500e+02
3.958521118164062500e+02 3.958521118164062500e+02 3.958521118164062500e+02
3.914156799316406250e+02 3.914156799316406250e+02 3.914156799316406250e+02
3.854847412109375000e+02 3.854847412109375000e+02 3.854847412109375000e+02
3.779963378906250000e+02 3.779963378906250000e+02 3.779963378906250000e+02
3.688917236328125000e+02 3.688917236328125000e+02 3.688917236328125000e+02
3.581168823242187500e+02 3.581168823242187500e+02 3.581168823242187500e+02
3.456230163574218750e+02 3.456230163574218750e+02 3.456230163574218750e+02
3.313667907714843750e+02 3.313667907714843750e+02 3.313667907714843750e+02
3.153109741210937500e+02 3.153109741210937500e+02 3.153109741210937500e+02
2.974249877929687500e+02 2.974249877929687500e+02 2.974249877929687500e+02
2.776855773925781250e+02 2.776855773925781250e+02 2.776855773925781250e+02
2.560775146484375000e+02 2.560775146484375000e+02 2.560775146484375000e+02
2.325940399169921875e+02 2.325940399169921875e+02 2.325940399169921875e+02
2.072368927001953125e+02 2.072368927001953125e+02 2.072368927001953125e+02
1.800168151855468750e+02 1.800168151855468750e+02 1.800168151855468750e+02
1.509539489746093750e+02 1.509539489746093750e+02 1.509539489746093750e+02
1.200781402587890625e+02 1.200781402587890625e+02 1.200781402587890625e+02
8.742944335937500000e+01 8.742944335937500000e+01 8.742944335937500000e+01
5.305836486816406250e+01 5.305836486816406250e+01 5.305836486816406250e+01
1.702589607238769531e+01 1.702589607238769531e+01 1.702589607238769531e+01
-2.059652328491210938e+01 -2.059652328491210938e+01 -2.059652328491210938e+01
-5.972701644897460938e+01 -5.972701644897460938e+01 -5.972701644897460938e+01
-1.002732391357421875e+02 -1.002732391357421875e+02 -1.002732391357421875e+02
-1.421323852539062500e+02 -1.421323852539062500e+02 -1.421323852539062500e+02
-1.851911468505859375e+02 -1.851911468505859375e+02 -1.851911468505859375e+02
-2.293260803222656250e+02 -2.293260803222656250e+02 -2.293260803222656250e+02
-2.744040222167968750e+02 -2.744040222167968750e+02 -2.744040222167968750e+02
-3.202825317382812500e+02 -3.202825317382812500e+02 -3.202825317382812500e+02
-3.668104248046875000e+02 -3.668104248046875000e+02 -3.668104248046875000e+02
-4.138283386230468750e+02 -4.138283386230468750e+02 -4.138283386230468750e+02
-4.611691284179687500e+02 -4.611691284179687500e+02 -4.611691284179687500e+02
-5.086582641601562500e+02 -5.086582641601562500e+02 -5.086582641601562500e+02
-5.561149291992187500e+02 -5.561149291992187500e+02 -5.561149291992187500e+02
-6.033527832031250000e+02 -6.033527832031250000e+02 -6.033527832031250000e+02
-6.501807250976562500e+02 -6.501807250976562500e+02 -6.501807250976562500e+02
-6.964042968750000000e+02 -6.964042968750000000e+02 -6.964042968750000000e+02
-7.418260498046875000e+02 -7.418260498046875000e+02 -7.418260498046875000e+02
-7.862471923828125000e+02 -7.862471923828125000e+02 -7.862471923828125000e+02
-8.294679565429687500e+02 -8.294679565429687500e+02 -8.294679565429687500e+02
-8.712888183593750000e+02 -8.712888183593750000e+02 -8.712888183593750000e+02
-9.115117797851562500e+02 -9.115117797851562500e+02 -9.115117797851562500e+02
-9.499415893554687500e+02 -9.499415893554687500e+02 -9.499415893554687500e+02
-9.863865966796875000e+02 -9.863865966796875000e+02 -9.863865966796875000e+02
-1.020660034179687500e+03 -1.020660034179687500e+03 -1.020660034179687500e+03
-1.052581420898437500e+03 -1.052581420898437500e+03 -1.052581420898437500e+03
-1.081977539062500000e+03 -1.081977539062500000e+03 -1.081977539062500000e+03
-1.108683837890625000e+03 -1.108683837890625000e+03 -1.108683837890625000e+03
-1.132544433593750000e+03 -1.132544433593750000e+03 -1.132544433593750000e+03
-1.153414306640625000e+03 -1.153414306640625000e+03 -1.153414306640625000e+03
-1.171159179687500000e+03 -1.171159179687500000e+03 -1.171159179687500000e+03
-1.185657470703125000e+03 -1.185657470703125000e+03 -1.185657470703125000e+03
-1.196800537109375000e+03 -1.196800537109375000e+03 -1.196800537109375000e+03
-1.204494018554687500e+03 -1.204494018554687500e+03 -1.204494018554687500e+03
-1.208658203125000000e+03 -1.208658203125000000e+03 -1.208658203125000000e+03
-1.209228759765625000e+03 -1.209228759765625000e+03 -1.209228759765625000e+03
-1.206157592773437500e+03 -1.206157592773437500e+03 -1.206157592773437500e+03
-1.199413208007812500e+03 -1.199413208007812500e+03 -1.199413208007812500e+03
-1.188980346679687500e+03 -1.188980346679687500e+03 -1.188980346679687500e+03
-1.174860107421875000e+03 -1.174860107421875000e+03 -1.174860107421875000e+03
-1.157071655273437500e+03 -1.157071655273437500e+03 -1.157071655273437500e+03
-1.135650756835937500e+03 -1.135650756835937500e+03 -1.135650756835937500e+03
-1.110651000976562500e+03 -1.110651000976562500e+03 -1.110651000976562500e+03
-1.082143188476562500e+03 -1.082143188476562500e+03 -1.082143188476562500e+03
-1.050214843750000000e+03 -1.050214843750000000e+03 -1.050214843750000000e+03
-1.014969604492187500e+03 -1.014969604492187500e+03 -1.014969604492187500e+03
-9.765272827148437500e+02 -9.765272827148437500e+02 -9.765272827148437500e+02
-9.350229492187500000e+02 -9.350229492187500000e+02 -9.350229492187500000e+02
-8.906060180664062500e+02 -8.906060180664062500e+02 -8.906060180664062500e+02
-8.434399414062500000e+02 -8.434399414062500000e+02 -8.434399414062500000e+02
-7.937012329101562500e+02 -7.937012329101562500e+02 -7.937012329101562500e+02
-7.415788574218750000e+02 -7.415788574218750000e+02 -7.415788574218750000e+02
-6.872727050781250000e+02 -6.872727050781250000e+02 -6.872727050781250000e+02
-6.309930419921875000e+02 -6.309930419921875000e+02 -6.309930419921875000e+02
-5.729588623046875000e+02 -5.729588623046875000e+02 -5.729588623046875000e+02
-5.133966064453125000e+02 -5.133966064453125000e+02 -5.133966064453125000e+02
-4.525388183593750000e+02 -4.525388183593750000e+02 -4.525388183593750000e+02
-3.906231994628906250e+02 -3.906231994628906250e+02 -3.906231994628906250e+02
-3.278912963867187500e+02 -3.278912963867187500e+02 -3.278912963867187500e+02
-2.645872497558593750e+02 -2.645872497558593750e+02 -2.645872497558593750e+02
-2.009565734863281250e+02 -2.009565734863281250e+02 -2.009565734863281250e+02
-1.372446136474609375e+02 -1.372446136474609375e+02 -1.372446136474609375e+02
-7.369514465332031250e+01 -7.369514465332031250e+01 -7.369514465332031250e+01
-1.054895687103271484e+01 -1.054895687103271484e+01 -1.054895687103271484e+01
5.195738220214843750e+01 5.195738220214843750e+01 5.195738220214843750e+01
1.135928344726562500e+02 1.135928344726562500e+02 1.135928344726562500e+02
1.741330413818359375e+02 1.741330413818359375e+02 1.741330413818359375e+02
2.333612365722656250e+02 2.333612365722656250e+02 2.333612365722656250e+02
2.910695495605468750e+02 2.910695495605468750e+02 2.910695495605468750e+02
3.470598754882812500e+02 3.470598754882812500e+02 3.470598754882812500e+02
4.011446533203125000e+02 4.011446533203125000e+02 4.011446533203125000e+02
4.531479797363281250e+02 4.531479797363281250e+02 4.531479797363281250e+02
5.029065856933593750e+02 5.029065856933593750e+02 5.029065856933593750e+02
5.502700805664062500e+02 5.502700805664062500e+02 5.502700805664062500e+02
5.951020507812500000e+02 5.951020507812500000e+02 5.951020507812500000e+02
6.372805175781250000e+02 6.372805175781250000e+02 6.372805175781250000e+02
6.766983032226562500e+02 6.766983032226562500e+02 6.766983032226562500e+02
7.132628784179687500e+02 7.132628784179687500e+02 7.132628784179687500e+02
7.468969116210937500e+02 7.468969116210937500e+02 7.468969116210937500e+02
7.775377807617187500e+02 7.775377807617187500e+02 7.775377807617187500e+02
8.051378784179687500e+02 8.051378784179687500e+02 8.051378784179687500e+02
8.296650390625000000e+02 8.296650390625000000e+02 8.296650390625000000e+02
8.511025390625000000e+02 8.511025390625000000e+02 8.511025390625000000e+02
8.694486083984375000e+02 8.694486083984375000e+02 8.694486083984375000e+02
8.847162475585937500e+02 8.847162475585937500e+02 8.847162475585937500e+02
8.969319458007812500e+02 8.969319458007812500e+02 8.969319458007812500e+02
9.061351318359375000e+02 9.061351318359375000e+02 9.061351318359375000e+02
9.123779907226562500e+02 9.123779907226562500e+02 9.123779907226562500e+02
9.157244262695312500e+02 9.157244262695312500e+02 9.157244262695312500e+02
9.162500000000000000e+02 9.162500000000000000e+02 9.162500000000000000e+02
9.140416259765625000e+02 9.140416259765625000e+02 9.140416259765625000e+02
9.091966552734375000e+02 9.091966552734375000e+02 9.091966552734375000e+02
9.018214111328125000e+02 9.018214111328125000e+02 9.018214111328125000e+02
8.920303955078125000e+02 8.920303955078125000e+02 8.920303955078125000e+02
8.799448852539062500e+02 8.799448852539062500e+02 8.799448852539062500e+02
8.656923217773437500e+02 8.656923217773437500e+02 8.656923217773437500e+02
8.494053955078125000e+02 8.494053955078125000e+02 8.494053955078125000e+02
8.312217407226562500e+02 8.312217407226562500e+02 8.312217407226562500e+02
8.112828369140625000e+02 8.112828369140625000e+02 8.112828369140625000e+02
7.897332153320312500e+02 7.897332153320312500e+02 7.897332153320312500e+02
7.667191162109375000e+02 7.667191162109375000e+02 7.667191162109375000e+02
7.423878784179687500e+02 7.423878784179687500e+02 7.423878784179687500e+02
7.168868408203125000e+02 7.168868408203125000e+02 7.168868408203125000e+02
6.903622436523437500e+02 6.903622436523437500e+02 6.903622436523437500e+02
6.629589233398437500e+02 6.629589233398437500e+02 6.629589233398437500e+02
6.348197021484375000e+02 6.348197021484375000e+02 6.348197021484375000e+02
6.060844726562500000e+02 6.060844726562500000e+02 6.060844726562500000e+02
5.768894653320312500e+02 5.768894653320312500e+02 5.768894653320312500e+02
5.473670043945312500e+02 5.473670043945312500e+02 5.473670043945312500e+02
5.176446533203125000e+02 5.176446533203125000e+02 5.176446533203125000e+02
4.878451538085937500e+02 4.878451538085937500e+02 4.878451538085937500e+02
4.580859680175781250e+02 4.580859680175781250e+02 4.580859680175781250e+02
4.284785461425781250e+02 4.284785461425781250e+02 4.284785461425781250e+02
3.991274719238281250e+02 3.991274719238281250e+02 3.991274719238281250e+02
3.701305541992187500e+02 3.701305541992187500e+02 3.701305541992187500e+02
3.415787658691406250e+02 3.415787658691406250e+02 3.415787658691406250e+02
3.135565185546875000e+02 3.135565185546875000e+02 3.135565185546875000e+02
2.861417236328125000e+02 2.861417236328125000e+02 2.861417236328125000e+02
2.594058227539062500e+02 2.594058227539062500e+02 2.594058227539062500e+02
2.334131927490234375e+02 2.334131927490234375e+02 2.334131927490234375e+02
2.082204589843750000e+02 2.082204589843750000e+02 2.082204589843750000e+02
1.838765869140625000e+02 1.838765869140625000e+02 1.838765869140625000e+02
1.604232940673828125e+02 1.604232940673828125e+02 1.604232940673828125e+02
1.378958587646484375e+02 1.378958587646484375e+02 1.378958587646484375e+02
1.163239288330078125e+02 1.163239288330078125e+02 1.163239288330078125e+02
9.573172760009765625e+01 9.573172760009765625e+01 9.573172760009765625e+01
7.613774108886718750e+01 7.613774108886718750e+01 7.613774108886718750e+01
5.755420684814453125e+01 5.755420684814453125e+01 5.755420684814453125e+01
3.998682785034179688e+01 3.998682785034179688e+01 3.998682785034179688e+01
2.343552398681640625e+01 2.343552398681640625e+01 2.343552398681640625e+01
7.895308017730712891e+00 7.895308017730712891e+00 7.895308017730712891e+00
-6.642677307128906250e+00 -6.642677307128906250e+00 -6.642677307128906250e+00
-2.019056701660156250e+01 -2.019056701660156250e+01 -2.019056701660156250e+01
-3.276387023925781250e+01 -3.276387023925781250e+01 -3.276387023925781250e+01
-4.438191986083984375e+01 -4.438191986083984375e+01 -4.438191986083984375e+01
-5.506793212890625000e+01 -5.506793212890625000e+01 -5.506793212890625000e+01
-6.484871673583984375e+01 -6.484871673583984375e+01 -6.484871673583984375e+01
-7.375357818603515625e+01 -7.375357818603515625e+01 -7.375357818603515625e+01
-8.181355285644531250e+01 -8.181355285644531250e+01 -8.181355285644531250e+01
-8.906083679199218750e+01 -8.906083679199218750e+01 -8.906083679199218750e+01
-9.552896118164062500e+01 -9.552896118164062500e+01 -9.552896118164062500e+01
-1.012530059814453125e+02 -1.012530059814453125e+02 -1.012530059814453125e+02
-1.062696914672851562e+02 -1.062696914672851562e+02 -1.062696914672851562e+02
-1.106169281005859375e+02 -1.106169281005859375e+02 -1.106169281005859375e+02
-1.143330917358398438e+02 -1.143330917358398438e+02 -1.143330917358398438e+02
-1.174562377929687500e+02 -1.174562377929687500e+02 -1.174562377929687500e+02
-1.200239334106445312e+02 -1.200239334106445312e+02 -1.200239334106445312e+02
-1.220734481811523438e+02 -1.220734481811523438e+02 -1.220734481811523438e+02
-1.236422653198242188e+02 -1.236422653198242188e+02 -1.236422653198242188e+02
-1.247680892944335938e+02 -1.247680892944335938e+02 -1.247680892944335938e+02
-1.254884185791015625e+02 -1.254884185791015625e+02 -1.254884185791015625e+02
-1.258398437500000000e+02 -1.258398437500000000e+02 -1.258398437500000000e+02
-1.258574142456054688e+02 -1.258574142456054688e+02 -1.258574142456054688e+02
-1.255745391845703125e+02 -1.255745391845703125e+02 -1.255745391845703125e+02
-1.250234832763671875e+02 -1.250234832763671875e+02 -1.250234832763671875e+02
-1.242359161376953125e+02 -1.242359161376953125e+02 -1.242359161376953125e+02
-1.232431488037109375e+02 -1.232431488037109375e+02 -1.232431488037109375e+02
-1.220758590698242188e+02 -1.220758590698242188e+02 -1.220758590698242188e+02
-1.207633438110351562e+02 -1.207633438110351562e+02 -1.207633438110351562e+02
-1.193330612182617188e+02 -1.193330612182617188e+02 -1.193330612182617188e+02
-1.178105087280273438e+02 -1.178105087280273438e+02 -1.178105087280273438e+02
-1.162196960449218750e+02 -1.162196960449218750e+02 -1.162196960449218750e+02
-1.145836944580078125e+02 -1.145836944580078125e+02 -1.145836944580078125e+02
-1.129250335693359375e+02 -1.129250335693359375e+02 -1.129250335693359375e+02
-1.112654800415039062e+02 -1.112654800415039062e+02 -1.112654800415039062e+02
-1.096256713867187500e+02 -1.096256713867187500e+02 -1.096256713867187500e+02
-1.080246887207031250e+02 -1.080246887207031250e+02 -1.080246887207031250e+02
-1.064800109863281250e+02 -1.064800109863281250e+02 -1.064800109863281250e+02
-1.050077514648437500e+02 -1.050077514648437500e+02 -1.050077514648437500e+02
-1.036230545043945312e+02 -1.036230545043945312e+02 -1.036230545043945312e+02
-1.023403244018554688e+02 -1.023403244018554688e+02 -1.023403244018554688e+02
-1.011732177734375000e+02 -1.011732177734375000e+02 -1.011732177734375000e+02
-1.001344223022460938e+02 -1.001344223022460938e+02 -1.001344223022460938e+02
-9.923548126220703125e+01 -9.923548126220703125e+01 -9.923548126220703125e+01
-9.848683929443359375e+01 -9.848683929443359375e+01 -9.848683929443359375e+01
-9.789807128906250000e+01 -9.789807128906250000e+01 -9.789807128906250000e+01
-9.747789001464843750e+01 -9.747789001464843750e+01 -9.747789001464843750e+01
-9.723414611816406250e+01 -9.723414611816406250e+01 -9.723414611816406250e+01
-9.717367553710937500e+01 -9.717367553710937500e+01 -9.717367553710937500e+01
-9.730227661132812500e+01 -9.730227661132812500e+01 -9.730227661132812500e+01
-9.762475585937500000e+01 -9.762475585937500000e+01 -9.762475585937500000e+01
-9.814514923095703125e+01 -9.814514923095703125e+01 -9.814514923095703125e+01
-9.886678314208984375e+01 -9.886678314208984375e+01 -9.886678314208984375e+01
-9.979227447509765625e+01 -9.979227447509765625e+01 -9.979227447509765625e+01
-1.009232330322265625e+02 -1.009232330322265625e+02 -1.009232330322265625e+02
-1.022599182128906250e+02 -1.022599182128906250e+02 -1.022599182128906250e+02
-1.038011932373046875e+02 -1.038011932373046875e+02 -1.038011932373046875e+02
-1.055447311401367188e+02 -1.055447311401367188e+02 -1.055447311401367188e+02
-1.074872970581054688e+02 -1.074872970581054688e+02 -1.074872970581054688e+02
-1.096248779296875000e+02 -1.096248779296875000e+02 -1.096248779296875000e+02
-1.119525680541992188e+02 -1.119525680541992188e+02 -1.119525680541992188e+02
-1.144642181396484375e+02 -1.144642181396484375e+02 -1.144642181396484375e+02
-1.171520690917968750e+02 -1.171520690917968750e+02 -1.171520690917968750e+02
-1.200066299438476562e+02 -1.200066299438476562e+02 -1.200066299438476562e+02
-1.230168075561523438e+02 -1.230168075561523438e+02 -1.230168075561523438e+02
-1.261702117919921875e+02 -1.261702117919921875e+02 -1.261702117919921875e+02
-1.294533386230468750e+02 -1.294533386230468750e+02 -1.294533386230468750e+02
-1.328513793945312500e+02 -1.328513793945312500e+02 -1.328513793945312500e+02
-1.363479766845703125e+02 -1.363479766845703125e+02 -1.363479766845703125e+02
-1.399248962402343750e+02 -1.399248962402343750e+02 -1.399248962402343750e+02
-1.435620880126953125e+02 -1.435620880126953125e+02 -1.435620880126953125e+02
-1.472377471923828125e+02 -1.472377471923828125e+02 -1.472377471923828125e+02
-1.509286499023437500e+02 -1.509286499023437500e+02 -1.509286499023437500e+02
-1.546102600097656250e+02 -1.546102600097656250e+02 -1.546102600097656250e+02
-1.582565002441406250e+02 -1.582565002441406250e+02 -1.582565002441406250e+02
-1.618395996093750000e+02 -1.618395996093750000e+02 -1.618395996093750000e+02
-1.653299560546875000e+02 -1.653299560546875000e+02 -1.653299560546875000e+02
-1.686963043212890625e+02 -1.686963043212890625e+02 -1.686963043212890625e+02
-1.719060211181640625e+02 -1.719060211181640625e+02 -1.719060211181640625e+02
-1.749254913330078125e+02 -1.749254913330078125e+02 -1.749254913330078125e+02
-1.777200927734375000e+02 -1.777200927734375000e+02 -1.777200927734375000e+02
-1.802541656494140625e+02 -1.802541656494140625e+02 -1.802541656494140625e+02
-1.824909667968750000e+02 -1.824909667968750000e+02 -1.824909667968750000e+02
-1.843925933837890625e+02 -1.843925933837890625e+02 -1.843925933837890625e+02
-1.859204101562500000e+02 -1.859204101562500000e+02 -1.859204101562500000e+02
-1.870354461669921875e+02 -1.870354461669921875e+02 -1.870354461669921875e+02
-1.876988830566406250e+02 -1.876988830566406250e+02 -1.876988830566406250e+02
-1.878721313476562500e+02 -1.878721313476562500e+02 -1.878721313476562500e+02
-1.875168151855468750e+02 -1.875168151855468750e+02 -1.875168151855468750e+02
-1.865948486328125000e+02 -1.865948486328125000e+02 -1.865948486328125000e+02
-1.850686340332031250e+02 -1.850686340332031250e+02 -1.850686340332031250e+02
-1.829015655517578125e+02 -1.829015655517578125e+02 -1.829015655517578125e+02
-1.800585327148437500e+02 -1.800585327148437500e+02 -1.800585327148437500e+02
-1.765064086914062500e+02 -1.765064086914062500e+02 -1.765064086914062500e+02
-1.722143096923828125e+02 -1.722143096923828125e+02 -1.722143096923828125e+02
-1.671535644531250000e+02 -1.671535644531250000e+02 -1.671535644531250000e+02
-1.612978973388671875e+02 -1.612978973388671875e+02 -1.612978973388671875e+02
-1.546237792968750000e+02 -1.546237792968750000e+02 -1.546237792968750000e+02
-1.471109161376953125e+02 -1.471109161376953125e+02 -1.471109161376953125e+02
-1.387427520751953125e+02 -1.387427520751953125e+02 -1.387427520751953125e+02
-1.295068511962890625e+02 -1.295068511962890625e+02 -1.295068511962890625e+02
-1.193950958251953125e+02 -1.193950958251953125e+02 -1.193950958251953125e+02
-1.084037475585937500e+02 -1.084037475585937500e+02 -1.084037475585937500e+02
-9.653359985351562500e+01 -9.653359985351562500e+01 -9.653359985351562500e+01
-8.379027557373046875e+01 -8.379027557373046875e+01 -8.379027557373046875e+01
-7.018464660644531250e+01 -7.018464660644531250e+01 -7.018464660644531250e+01
-5.573319244384765625e+01 -5.573319244384765625e+01 -5.573319244384765625e+01
-4.045810317993164062e+01 -4.045810317993164062e+01 -4.045810317993164062e+01
-2.438729095458984375e+01 -2.438729095458984375e+01 -2.438729095458984375e+01
-7.554202079772949219e+00 -7.554202079772949219e+00 -7.554202079772949219e+00
1.000211524963378906e+01 1.000211524963378906e+01 1.000211524963378906e+01
2.823687171936035156e+01 2.823687171936035156e+01 2.823687171936035156e+01
4.709934997558593750e+01 4.709934997558593750e+01 4.709934997558593750e+01
6.653285217285156250e+01 6.653285217285156250e+01 6.653285217285156250e+01
8.647489929199218750e+01 8.647489929199218750e+01 8.647489929199218750e+01
1.068575668334960938e+02 1.068575668334960938e+02 1.068575668334960938e+02
1.276079330444335938e+02 1.276079330444335938e+02 1.276079330444335938e+02
1.486484527587890625e+02 1.486484527587890625e+02 1.486484527587890625e+02
1.698969726562500000e+02 1.698969726562500000e+02 1.698969726562500000e+02
1.912670440673828125e+02 1.912670440673828125e+02 1.912670440673828125e+02
2.126680297851562500e+02 2.126680297851562500e+02 2.126680297851562500e+02
2.340056915283203125e+02 2.340056915283203125e+02 2.340056915283203125e+02
2.551829376220703125e+02 2.551829376220703125e+02 2.551829376220703125e+02
2.761004638671875000e+02 2.761004638671875000e+02 2.761004638671875000e+02
2.966573181152343750e+02 2.966573181152343750e+02 2.966573181152343750e+02
3.167514648437500000e+02 3.167514648437500000e+02 3.167514648437500000e+02
3.362801513671875000e+02 3.362801513671875000e+02 3.362801513671875000e+02
3.551404113769531250e+02 3.551404113769531250e+02 3.551404113769531250e+02
3.732297363281250000e+02 3.732297363281250000e+02 3.732297363281250000e+02
3.904472045898437500e+02 3.904472045898437500e+02 3.904472045898437500e+02
4.066940612792968750e+02 4.066940612792968750e+02 4.066940612792968750e+02
4.218746948242187500e+02 4.218746948242187500e+02 4.218746948242187500e+02
4.358970336914062500e+02 4.358970336914062500e+02 4.358970336914062500e+02
4.486732177734375000e+02 4.486732177734375000e+02 4.486732177734375000e+02
4.601199645996093750e+02 4.601199645996093750e+02 4.601199645996093750e+02
4.701592407226562500e+02 4.701592407226562500e+02 4.701592407226562500e+02
4.787192077636718750e+02 4.787192077636718750e+02 4.787192077636718750e+02
4.857348022460937500e+02 4.857348022460937500e+02 4.857348022460937500e+02
4.911484069824218750e+02 4.911484069824218750e+02 4.911484069824218750e+02
4.949103698730468750e+02 4.949103698730468750e+02 4.949103698730468750e+02
4.969791870117187500e+02 4.969791870117187500e+02 4.969791870117187500e+02
4.973218994140625000e+02 4.973218994140625000e+02 4.973218994140625000e+02
4.959143676757812500e+02 4.959143676757812500e+02 4.959143676757812500e+02
4.927417602539062500e+02 4.927417602539062500e+02 4.927417602539062500e+02
4.877987365722656250e+02 4.877987365722656250e+02 4.877987365722656250e+02
4.810898742675781250e+02 4.810898742675781250e+02 4.810898742675781250e+02
4.726294250488281250e+02 4.726294250488281250e+02 4.726294250488281250e+02
4.624414062500000000e+02 4.624414062500000000e+02 4.624414062500000000e+02
4.505594177246093750e+02 4.505594177246093750e+02 4.505594177246093750e+02
4.370264282226562500e+02 4.370264282226562500e+02 4.370264282226562500e+02
4.218947753906250000e+02 4.218947753906250000e+02 4.218947753906250000e+02
4.052259826660156250e+02 4.052259826660156250e+02 4.052259826660156250e+02
3.870903930664062500e+02 3.870903930664062500e+02 3.870903930664062500e+02
3.675665283203125000e+02 3.675665283203125000e+02 3.675665283203125000e+02
3.467407531738281250e+02 3.467407531738281250e+02 3.467407531738281250e+02
3.247065124511718750e+02 3.247065124511718750e+02 3.247065124511718750e+02
3.015639038085937500e+02 3.015639038085937500e+02 3.015639038085937500e+02
2.774191284179687500e+02 2.774191284179687500e+02 2.774191284179687500e+02
2.523838348388671875e+02 2.523838348388671875e+02 2.523838348388671875e+02
2.265742645263671875e+02 2.265742645263671875e+02 2.265742645263671875e+02
2.001104125976562500e+02 2.001104125976562500e+02 2.001104125976562500e+02
1.731152038574218750e+02 1.731152038574218750e+02 1.731152038574218750e+02
1.457138061523437500e+02 1.457138061523437500e+02 1.457138061523437500e+02
1.180327148437500000e+02 1.180327148437500000e+02 1.180327148437500000e+02
9.019907379150390625e+01 9.019907379150390625e+01 9.019907379150390625e+01
6.233992004394531250e+01 6.233992004394531250e+01 6.233992004394531250e+01
3.458114242553710938e+01 3.458114242553710938e+01 3.458114242553710938e+01
7.046669006347656250e+00 7.046669006347656250e+00 7.046669006347656250e+00
-2.014232444763183594e+01 -2.014232444763183594e+01 -2.014232444763183594e+01
-4.686808013916015625e+01 -4.686808013916015625e+01 -4.686808013916015625e+01
-7.301695251464843750e+01 -7.301695251464843750e+01 -7.301695251464843750e+01
-9.848007965087890625e+01 -9.848007965087890625e+01 -9.848007965087890625e+01
-1.231540679931640625e+02 -1.231540679931640625e+02 -1.231540679931640625e+02
-1.469416503906250000e+02 -1.469416503906250000e+02 -1.469416503906250000e+02
-1.697522430419921875e+02 -1.697522430419921875e+02 -1.697522430419921875e+02
-1.915023956298828125e+02 -1.915023956298828125e+02 -1.915023956298828125e+02
-2.121160430908203125e+02 -2.121160430908203125e+02 -2.121160430908203125e+02
-2.315247344970703125e+02 -2.315247344970703125e+02 -2.315247344970703125e+02
-2.496680908203125000e+02 -2.496680908203125000e+02 -2.496680908203125000e+02
-2.664941101074218750e+02 -2.664941101074218750e+02 -2.664941101074218750e+02
-2.819594116210937500e+02 -2.819594116210937500e+02 -2.819594116210937500e+02
-2.960292968750000000e+02 -2.960292968750000000e+02 -2.960292968750000000e+02
-3.086777648925781250e+02 -3.086777648925781250e+02 -3.086777648925781250e+02
-3.198871765136718750e+02 -3.198871765136718750e+02 -3.198871765136718750e+02
-3.296481018066406250e+02 -3.296481018066406250e+02 -3.296481018066406250e+02
-3.379592590332031250e+02 -3.379592590332031250e+02 -3.379592590332031250e+02
-3.448273925781250000e+02 -3.448273925781250000e+02 -3.448273925781250000e+02
-3.502672119140625000e+02 -3.502672119140625000e+02 -3.502672119140625000e+02
-3.543010864257812500e+02 -3.543010864257812500e+02 -3.543010864257812500e+02
-3.569584045410156250e+02 -3.569584045410156250e+02 -3.569584045410156250e+02
-3.582749328613281250e+02 -3.582749328613281250e+02 -3.582749328613281250e+02
-3.582923889160156250e+02 -3.582923889160156250e+02 -3.582923889160156250e+02
-3.570580749511718750e+02 -3.570580749511718750e+02 -3.570580749511718750e+02
-3.546246032714843750e+02 -3.546246032714843750e+02 -3.546246032714843750e+02
-3.510494079589843750e+02 -3.510494079589843750e+02 -3.510494079589843750e+02
-3.463941955566406250e+02 -3.463941955566406250e+02 -3.463941955566406250e+02
-3.407242431640625000e+02 -3.407242431640625000e+02 -3.407242431640625000e+02
-3.341075134277343750e+02 -3.341075134277343750e+02 -3.341075134277343750e+02
-3.266143188476562500e+02 -3.266143188476562500e+02 -3.266143188476562500e+02
-3.183166809082031250e+02 -3.183166809082031250e+02 -3.183166809082031250e+02
-3.092879943847656250e+02 -3.092879943847656250e+02 -3.092879943847656250e+02
-2.996026000976562500e+02 -2.996026000976562500e+02 -2.996026000976562500e+02
-2.893352355957031250e+02 -2.893352355957031250e+02 -2.893352355957031250e+02
-2.785603637695312500e+02 -2.785603637695312500e+02 -2.785603637695312500e+02
-2.673515930175781250e+02 -2.673515930175781250e+02 -2.673515930175781250e+02
-2.557811737060546875e+02 -2.557811737060546875e+02 -2.557811737060546875e+02
-2.439198150634765625e+02 -2.439198150634765625e+02 -2.439198150634765625e+02
-2.318363342285156250e+02 -2.318363342285156250e+02 -2.318363342285156250e+02
-2.195974426269531250e+02 -2.195974426269531250e+02 -2.195974426269531250e+02
-2.072673034667968750e+02 -2.072673034667968750e+02 -2.072673034667968750e+02
-1.949069671630859375e+02 -1.949069671630859375e+02 -1.949069671630859375e+02
-1.825742187500000000e+02 -1.825742187500000000e+02 -1.825742187500000000e+02
-1.703233947753906250e+02 -1.703233947753906250e+02 -1.703233947753906250e+02
-1.582053680419921875e+02 -1.582053680419921875e+02 -1.582053680419921875e+02
-1.462676391601562500e+02 -1.462676391601562500e+02 -1.462676391601562500e+02
-1.345539398193359375e+02 -1.345539398193359375e+02 -1.345539398193359375e+02
-1.231042404174804688e+02 -1.231042404174804688e+02 -1.231042404174804688e+02
-1.119544296264648438e+02 -1.119544296264648438e+02 -1.119544296264648438e+02
-1.011363372802734375e+02 -1.011363372802734375e+02 -1.011363372802734375e+02
-9.067790222167968750e+01 -9.067790222167968750e+01 -9.067790222167968750e+01
-8.060351562500000000e+01 -8.060351562500000000e+01 -8.060351562500000000e+01
-7.093408966064453125e+01 -7.093408966064453125e+01 -7.093408966064453125e+01
-6.168700408935546875e+01 -6.168700408935546875e+01 -6.168700408935546875e+01
-5.287605667114257812e+01 -5.287605667114257812e+01 -5.287605667114257812e+01
-4.451142120361328125e+01 -4.451142120361328125e+01 -4.451142120361328125e+01
-3.659993362426757812e+01 -3.659993362426757812e+01 -3.659993362426757812e+01
-2.914546775817871094e+01 -2.914546775817871094e+01 -2.914546775817871094e+01
-2.214935111999511719e+01 -2.214935111999511719e+01 -2.214935111999511719e+01
-1.561049270629882812e+01 -1.561049270629882812e+01 -1.561049270629882812e+01
-9.525383949279785156e+00 -9.525383949279785156e+00 -9.525383949279785156e+00
-3.888068675994873047e+00 -3.888068675994873047e+00 -3.888068675994873047e+00
1.309731721878051758e+00 1.309731721878051758e+00 1.309731721878051758e+00
6.078242301940917969e+00 6.078242301940917969e+00 6.078242301940917969e+00
1.042921447753906250e+01 1.042921447753906250e+01 1.042921447753906250e+01
1.437554359436035156e+01 1.437554359436035156e+01 1.437554359436035156e+01
1.793116569519042969e+01 1.793116569519042969e+01 1.793116569519042969e+01
2.111115074157714844e+01 2.111115074157714844e+01 2.111115074157714844e+01
2.393167495727539062e+01 2.393167495727539062e+01 2.393167495727539062e+01
2.640984344482421875e+01 2.640984344482421875e+01 2.640984344482421875e+01
2.856327056884765625e+01 2.856327056884765625e+01 2.856327056884765625e+01
3.040978240966796875e+01 3.040978240966796875e+01 3.040978240966796875e+01
3.196715736389160156e+01 3.196715736389160156e+01 3.196715736389160156e+01
3.325317764282226562e+01 3.325317764282226562e+01 3.325317764282226562e+01
3.428575134277343750e+01 3.428575134277343750e+01 3.428575134277343750e+01
3.508292007446289062e+01 3.508292007446289062e+01 3.508292007446289062e+01
3.566263961791992188e+01 3.566263961791992188e+01 3.566263961791992188e+01
3.604241180419921875e+01 3.604241180419921875e+01 3.604241180419921875e+01
3.623900604248046875e+01 3.623900604248046875e+01 3.623900604248046875e+01
3.626846694946289062e+01 3.626846694946289062e+01 3.626846694946289062e+01
3.614631271362304688e+01 3.614631271362304688e+01 3.614631271362304688e+01
3.588767242431640625e+01 3.588767242431640625e+01 3.588767242431640625e+01
3.550732803344726562e+01 3.550732803344726562e+01 3.550732803344726562e+01
3.501944351196289062e+01 3.501944351196289062e+01 3.501944351196289062e+01
3.443726730346679688e+01 3.443726730346679688e+01 3.443726730346679688e+01
3.377301406860351562e+01 3.377301406860351562e+01 3.377301406860351562e+01
3.303801345825195312e+01 3.303801345825195312e+01 3.303801345825195312e+01
3.224295425415039062e+01 3.224295425415039062e+01 3.224295425415039062e+01
3.139809417724609375e+01 3.139809417724609375e+01 3.139809417724609375e+01
3.051314735412597656e+01 3.051314735412597656e+01 3.051314735412597656e+01
2.959704971313476562e+01 2.959704971313476562e+01 2.959704971313476562e+01
2.865777206420898438e+01 2.865777206420898438e+01 2.865777206420898438e+01
2.770237350463867188e+01 2.770237350463867188e+01 2.770237350463867188e+01
2.673719787597656250e+01 2.673719787597656250e+01 2.673719787597656250e+01
2.576816177368164062e+01 2.576816177368164062e+01 2.576816177368164062e+01
2.480087852478027344e+01 2.480087852478027344e+01 2.480087852478027344e+01
2.384048652648925781e+01 2.384048652648925781e+01 2.384048652648925781e+01
2.289139175415039062e+01 2.289139175415039062e+01 2.289139175415039062e+01
2.195715904235839844e+01 2.195715904235839844e+01 2.195715904235839844e+01
2.104066848754882812e+01 2.104066848754882812e+01 2.104066848754882812e+01
2.014448165893554688e+01 2.014448165893554688e+01 2.014448165893554688e+01
1.927101516723632812e+01 1.927101516723632812e+01 1.927101516723632812e+01
1.842256736755371094e+01 1.842256736755371094e+01 1.842256736755371094e+01
1.760107231140136719e+01 1.760107231140136719e+01 1.760107231140136719e+01
1.680783462524414062e+01 1.680783462524414062e+01 1.680783462524414062e+01
1.604356002807617188e+01 1.604356002807617188e+01 1.604356002807617188e+01
1.530864429473876953e+01 1.530864429473876953e+01 1.530864429473876953e+01
1.460349273681640625e+01 1.460349273681640625e+01 1.460349273681640625e+01
1.392859935760498047e+01 1.392859935760498047e+01 1.392859935760498047e+01
1.328440761566162109e+01 1.328440761566162109e+01 1.328440761566162109e+01
1.267097759246826172e+01 1.267097759246826172e+01 1.267097759246826172e+01
1.208785247802734375e+01 1.208785247802734375e+01 1.208785247802734375e+01
1.153418540954589844e+01 1.153418540954589844e+01 1.153418540954589844e+01
1.100912284851074219e+01 1.100912284851074219e+01 1.100912284851074219e+01
1.051211643218994141e+01 1.051211643218994141e+01 1.051211643218994141e+01
1.004290390014648438e+01 1.004290390014648438e+01 1.004290390014648438e+01
9.601197242736816406e+00 9.601197242736816406e+00 9.601197242736816406e+00
9.186309814453125000e+00 9.186309814453125000e+00 9.186309814453125000e+00
8.797093391418457031e+00 8.797093391418457031e+00 8.797093391418457031e+00
8.432203292846679688e+00 8.432203292846679688e+00 8.432203292846679688e+00
8.090515136718750000e+00 8.090515136718750000e+00 8.090515136718750000e+00
7.771363258361816406e+00 7.771363258361816406e+00 7.771363258361816406e+00
7.474390029907226562e+00 7.474390029907226562e+00 7.474390029907226562e+00
7.199154853820800781e+00 7.199154853820800781e+00 7.199154853820800781e+00
6.944791793823242188e+00 6.944791793823242188e+00 6.944791793823242188e+00
6.710034847259521484e+00 6.710034847259521484e+00 6.710034847259521484e+00
6.493568420410156250e+00 6.493568420410156250e+00 6.493568420410156250e+00
6.294477939605712891e+00 6.294477939605712891e+00 6.294477939605712891e+00
6.112357139587402344e+00 6.112357139587402344e+00 6.112357139587402344e+00
5.947031497955322266e+00 5.947031497955322266e+00 5.947031497955322266e+00
5.798142910003662109e+00 5.798142910003662109e+00 5.798142910003662109e+00
5.664890766143798828e+00 5.664890766143798828e+00 5.664890766143798828e+00
5.546185493469238281e+00 5.546185493469238281e+00 5.546185493469238281e+00
5.441052436828613281e+00 5.441052436828613281e+00 5.441052436828613281e+00
5.349000930786132812e+00 5.349000930786132812e+00 5.349000930786132812e+00
5.270009994506835938e+00 5.270009994506835938e+00 5.270009994506835938e+00
