0.000000000000000000e+00
0.000000000000000000e+00
0.000000000000000000e+00
0.000000000000000000e+00
0.000000000000000000e+00
0.000000000000000000e+00
0.000000000000000000e+00
0.000000000000000000e+00
0.000000000000000000e+00
0.000000000000000000e+00
0.000000000000000000e+00
0.000000000000000000e+00
0.000000000000000000e+00
0.000000000000000000e+00
0.000000000000000000e+00
0.000000000000000000e+00
0.000000000000000000e+00
0.000000000000000000e+00
0.000000000000000000e+00
0.000000000000000000e+00
0.000000000000000000e+00
4.909578014383056300e-20
1.482953478958276370e-18
5.230377797538210416e-10
2.199538773339781983e-09
2.680945598854123091e-08
9.848954363178563653e-08
4.786224394592863973e-07
1.428523773938650265e-06
4.176991296844789758e-06
9.773688361747190356e-06
2.031442090810742229e-05
3.696453859447501600e-05
5.916233931202441454e-05
8.504485595040023327e-05
1.104466064134612679e-04
1.323154574492946267e-04
1.509417052147909999e-04
1.699380227364599705e-04
1.955378393176943064e-04
2.341150538995862007e-04
2.891009789891541004e-04
3.609246050473302603e-04
4.481832147575914860e-04
5.482364795170724392e-04
6.584351649507880211e-04
7.786836358718574047e-04
9.127798257395625114e-04
1.068814774043858051e-03
1.257468946278095245e-03
1.489987829700112343e-03
1.774917123839259148e-03
2.118184696882963181e-03
2.523247851058840752e-03
2.993183908984065056e-03
3.532326780259609222e-03
4.149838816374540329e-03
4.861951339989900589e-03
5.691315513104200363e-03
6.665590219199657440e-03
7.814283482730388641e-03
9.167577140033245087e-03
1.075379084795713425e-02
1.259998604655265808e-02
1.473443489521741867e-02
1.719038560986518860e-02
2.001136168837547302e-02
2.325536124408245087e-02
2.699591405689716339e-02
3.132283687591552734e-02
3.633711859583854675e-02
4.214444756507873535e-02
4.885109886527061462e-02
5.656171590089797974e-02
6.538500636816024780e-02
7.544865459203720093e-02
8.691520988941192627e-02
9.999413788318634033e-02
1.149454787373542786e-01
1.320677548646926880e-01
1.516744345426559448e-01
1.740743368864059448e-01
1.995684057474136353e-01
2.284688949584960938e-01
2.611402571201324463e-01
2.980452179908752441e-01
3.397692739963531494e-01
3.870082497596740723e-01
4.405231475830078125e-01
5.010848641395568848e-01
5.694433450698852539e-01
6.463502049446105957e-01
7.326336503028869629e-01
8.292909264564514160e-01
9.375508427619934082e-01
1.058868050575256348e+00
1.194847583770751953e+00
1.347142338752746582e+00
1.517388939857482910e+00
1.707235455513000488e+00
1.918455362319946289e+00
2.153092384338378906e+00
2.413559198379516602e+00
2.702627658843994141e+00
3.023314952850341797e+00
3.378737926483154297e+00
3.772032976150512695e+00
4.206403732299804688e+00
4.685275077819824219e+00
5.212472438812255859e+00
5.792320251464843750e+00
6.429594516754150391e+00
7.129369735717773438e+00
7.896857738494873047e+00
8.737351417541503906e+00
9.656311035156250000e+00
1.065955162048339844e+01
1.175338554382324219e+01
1.294466686248779297e+01
1.424066925048828125e+01
1.564889621734619141e+01
1.717696762084960938e+01
1.883262825012207031e+01
2.062386894226074219e+01
2.255909347534179688e+01
2.464714241027832031e+01
2.689721298217773438e+01
2.931866645812988281e+01
3.192085075378417969e+01
3.471306991577148438e+01
3.770465850830078125e+01
4.090510559082031250e+01
4.432406616210937500e+01
4.797124862670898438e+01
5.185618972778320312e+01
5.598803329467773438e+01
6.037543869018554688e+01
6.502661895751953125e+01
6.994943237304687500e+01
7.515136718750000000e+01
8.063937377929687500e+01
8.641963958740234375e+01
9.249726104736328125e+01
9.887611389160156250e+01
1.055588760375976562e+02
1.125470504760742188e+02
1.198409500122070312e+02
1.274395065307617188e+02
1.353399963378906250e+02
1.435377044677734375e+02
1.520257415771484375e+02
1.607951354980468750e+02
1.698347625732421875e+02
1.791313629150390625e+02
1.886693267822265625e+02
1.984304351806640625e+02
2.083935394287109375e+02
2.185345764160156250e+02
2.288264617919921875e+02
2.392392425537109375e+02
2.497401123046875000e+02
2.602932434082031250e+02
2.708595886230468750e+02
2.813968200683593750e+02
2.918591613769531250e+02
3.021977233886718750e+02
3.123605651855468750e+02
3.222928771972656250e+02
3.319370727539062500e+02
3.412326965332031250e+02
3.501163635253906250e+02
3.585220642089843750e+02
3.663815002441406250e+02
3.736242980957031250e+02
3.801785278320312500e+02
3.859709777832031250e+02
3.909271240234375000e+02
3.949713745117187500e+02
3.980276184082031250e+02
4.000197143554687500e+02
4.008720703125000000e+02
4.005100708007812500e+02
3.988606262207031250e+02
3.958522338867187500e+02
3.914157104492187500e+02
3.854846496582031250e+02
3.779960937500000000e+02
3.688914794921875000e+02
3.581167297363281250e+02
3.456229858398437500e+02
3.313668823242187500e+02
3.153110961914062500e+02
2.974250488281250000e+02
2.776855163574218750e+02
2.560774536132812500e+02
2.325939941406250000e+02
2.072368774414062500e+02
1.800168914794921875e+02
1.509540405273437500e+02
1.200781860351562500e+02
8.742937469482421875e+01
5.305819320678710938e+01
1.702570533752441406e+01
-2.059661293029785156e+01
-5.972693634033203125e+01
-1.002730560302734375e+02
-1.421321868896484375e+02
-1.851910095214843750e+02
-2.293260650634765625e+02
-2.744040832519531250e+02
-3.202825622558593750e+02
-3.668103942871093750e+02
-4.138282775878906250e+02
-4.611690368652343750e+02
-5.086581726074218750e+02
-5.561149291992187500e+02
-6.033527221679687500e+02
-6.501806030273437500e+02
-6.964040527343750000e+02
-7.418259277343750000e+02
-7.862472534179687500e+02
-8.294681396484375000e+02
-8.712888793945312500e+02
-9.115115356445312500e+02
-9.499410400390625000e+02
-9.863859252929687500e+02
-1.020659667968750000e+03
-1.052581420898437500e+03
-1.081978027343750000e+03
-1.108684204101562500e+03
-1.132544433593750000e+03
-1.153413696289062500e+03
-1.171158569335937500e+03
-1.185657104492187500e+03
-1.196800659179687500e+03
-1.204494506835937500e+03
-1.208658691406250000e+03
-1.209228881835937500e+03
-1.206157226562500000e+03
-1.199412353515625000e+03
-1.188979248046875000e+03
-1.174859497070312500e+03
-1.157071533203125000e+03
-1.135651000976562500e+03
-1.110651123046875000e+03
-1.082142700195312500e+03
-1.050213989257812500e+03
-1.014968933105468750e+03
-9.765271606445312500e+02
-9.350233154296875000e+02
-8.906065063476562500e+02
-8.434400634765625000e+02
-7.937009277343750000e+02
-7.415783081054687500e+02
-6.872723999023437500e+02
-6.309931640625000000e+02
-5.729593505859375000e+02
-5.133970947265625000e+02
-4.525388793945312500e+02
-3.906224975585937500e+02
-3.278900451660156250e+02
-2.645860595703125000e+02
-2.009560699462890625e+02
-1.372450714111328125e+02
-7.369638824462890625e+01
-1.055045509338378906e+01
5.195627975463867188e+01
1.135925445556640625e+02
1.741334533691406250e+02
2.333620147705078125e+02
2.910701904296875000e+02
3.470599365234375000e+02
4.011441955566406250e+02
4.531473693847656250e+02
5.029060974121093750e+02
5.502700195312500000e+02
5.951024780273437500e+02
6.372811889648437500e+02
6.766987915039062500e+02
7.132628173828125000e+02
7.468959960937500000e+02
7.775363159179687500e+02
8.051365356445312500e+02
8.296645507812500000e+02
8.511030273437500000e+02
8.694498901367187500e+02
8.847175292968750000e+02
8.969325561523437500e+02
9.061347045898437500e+02
9.123765869140625000e+02
9.157227783203125000e+02
9.162490234375000000e+02
9.140419311523437500e+02
9.091979370117187500e+02
9.018228759765625000e+02
8.920311889648437500e+02
8.799445800781250000e+02
8.656909790039062500e+02
8.494039916992187500e+02
8.312211303710937500e+02
8.112833862304687500e+02
7.897345581054687500e+02
7.667204589843750000e+02
7.423884887695312500e+02
7.168862915039062500e+02
6.903610229492187500e+02
6.629579467773437500e+02
6.348195800781250000e+02
6.060852661132812500e+02
5.768906250000000000e+02
5.473676757812500000e+02
5.176441650390625000e+02
4.878437805175781250e+02
4.580843811035156250e+02
4.284774780273437500e+02
3.991273193359375000e+02
3.701312255859375000e+02
3.415796813964843750e+02
3.135571594238281250e+02
2.861419677734375000e+02
2.594058227539062500e+02
2.334130554199218750e+02
2.082202911376953125e+02
1.838763427734375000e+02
1.604229125976562500e+02
1.378955230712890625e+02
1.163238983154296875e+02
9.573210906982421875e+01
7.613833618164062500e+01
5.755457305908203125e+01
3.998664093017578125e+01
2.343481063842773438e+01
7.894517898559570312e+00
-6.642977714538574219e+00
-2.019019126892089844e+01
-3.276313781738281250e+01
-4.438147354125976562e+01
-5.506829452514648438e+01
-6.484969329833984375e+01
-7.375444030761718750e+01
-8.181352233886718750e+01
-8.905970764160156250e+01
-9.552732849121093750e+01
-1.012518920898437500e+02
-1.062698669433593750e+02
-1.106182937622070312e+02
-1.143347015380859375e+02
-1.174570083618164062e+02
-1.200233764648437500e+02
-1.220720901489257812e+02
-1.236412429809570312e+02
-1.247682800292968750e+02
-1.254898529052734375e+02
-1.258415908813476562e+02
-1.258582992553710938e+02
-1.255740127563476562e+02
-1.250219345092773438e+02
-1.242344131469726562e+02
-1.232426528930664062e+02
-1.220765380859375000e+02
-1.207646102905273438e+02
-1.193340225219726562e+02
-1.178106689453125000e+02
-1.162192382812500000e+02
-1.145832061767578125e+02
-1.129249114990234375e+02
-1.112656478881835938e+02
-1.096257171630859375e+02
-1.080242919921875000e+02
-1.064793243408203125e+02
-1.050072937011718750e+02
-1.036232910156250000e+02
-1.023412017822265625e+02
-1.011741027832031250e+02
-1.001345291137695312e+02
-9.923454284667968750e+01
-9.848538208007812500e+01
-9.789704132080078125e+01
-9.747799682617187500e+01
-9.723535156250000000e+01
-9.717520904541015625e+01
-9.730318450927734375e+01
-9.762459564208984375e+01
-9.814420318603515625e+01
-9.886583709716796875e+01
-9.979193115234375000e+01
-1.009234695434570312e+02
-1.022602615356445312e+02
-1.038011627197265625e+02
-1.055442657470703125e+02
-1.074867935180664062e+02
-1.096248168945312500e+02
-1.119530715942382812e+02
-1.144649429321289062e+02
-1.171524505615234375e+02
-1.200063552856445312e+02
-1.230161437988281250e+02
-1.261697540283203125e+02
-1.294534912109375000e+02
-1.328520507812500000e+02
-1.363486175537109375e+02
-1.399250030517578125e+02
-1.435615386962890625e+02
-1.472369842529296875e+02
-1.509282836914062500e+02
-1.546105041503906250e+02
-1.582570953369140625e+02
-1.618399353027343750e+02
-1.653296508789062500e+02
-1.686955108642578125e+02
-1.719053497314453125e+02
-1.749254455566406250e+02
-1.777207031250000000e+02
-1.802549438476562500e+02
-1.824912109375000000e+02
-1.843920135498046875e+02
-1.859193725585937500e+02
-1.870346832275390625e+02
-1.876989288330078125e+02
-1.878728942871093750e+02
-1.875177154541015625e+02
-1.865952301025390625e+02
-1.850683135986328125e+02
-1.829008636474609375e+02
-1.800580139160156250e+02
-1.765064544677734375e+02
-1.722147979736328125e+02
-1.671540985107421875e+02
-1.612981414794921875e+02
-1.546237030029296875e+02
-1.471107788085937500e+02
-1.387428283691406250e+02
-1.295071105957031250e+02
-1.193952636718750000e+02
-1.084035873413085938e+02
-9.653315734863281250e+01
-8.378991699218750000e+01
-7.018475341796875000e+01
-5.573376846313476562e+01
-4.045875167846679688e+01
-2.438744544982910156e+01
-7.553665161132812500e+00
1.000299835205078125e+01
2.823744583129882812e+01
4.709915161132812500e+01
6.653200531005859375e+01
8.647402191162109375e+01
1.068573226928710938e+02
1.276085205078125000e+02
1.486494140625000000e+02
1.698975982666015625e+02
1.912668609619140625e+02
2.126672058105468750e+02
2.340048980712890625e+02
2.551827545166015625e+02
2.761009826660156250e+02
2.966580810546875000e+02
3.167518005371093750e+02
3.362797546386718750e+02
3.551394348144531250e+02
3.732288208007812500e+02
3.904467163085937500e+02
4.066940612792968750e+02
4.218748474121093750e+02
4.358970031738281250e+02
4.486729431152343750e+02
4.601196899414062500e+02
4.701592712402343750e+02
4.787195129394531250e+02
4.857350769042968750e+02
4.911483154296875000e+02
4.949099121093750000e+02
4.969787292480468750e+02
4.973219299316406250e+02
4.959150085449218750e+02
4.927426452636718750e+02
4.877993469238281250e+02
4.810897827148437500e+02
4.726288146972656250e+02
4.624408569335937500e+02
4.505593872070312500e+02
4.370269470214843750e+02
4.218953857421875000e+02
4.052261047363281250e+02
3.870897521972656250e+02
3.675655822753906250e+02
3.467401733398437500e+02
3.247067565917968750e+02
3.015648193359375000e+02
2.774199829101562500e+02
2.523839111328125000e+02
2.265734863281250000e+02
2.001093444824218750e+02
1.731146697998046875e+02
1.457141723632812500e+02
1.180336151123046875e+02
9.019978332519531250e+01
6.233988189697265625e+01
3.458043289184570312e+01
7.045969009399414062e+00
-2.014233779907226562e+01
-4.686731719970703125e+01
-7.301596069335937500e+01
-9.847966003417968750e+01
-1.231545333862304688e+02
-1.469426269531250000e+02
-1.697529602050781250e+02
-1.915022583007812500e+02
-2.121150970458984375e+02
-2.315237121582031250e+02
-2.496677246093750000e+02
-2.664945678710937500e+02
-2.819601745605468750e+02
-2.960296936035156250e+02
-3.086774291992187500e+02
-3.198863525390625000e+02
-3.296473999023437500e+02
-3.379591369628906250e+02
-3.448277893066406250e+02
-3.502676391601562500e+02
-3.543009338378906250e+02
-3.569575805664062500e+02
-3.582738952636718750e+02
-3.582917785644531250e+02
-3.570581359863281250e+02
-3.546250915527343750e+02
-3.510497131347656250e+02
-3.463939514160156250e+02
-3.407236328125000000e+02
-3.341071472167968750e+02
-3.266146240234375000e+02
-3.183175354003906250e+02
-3.092888793945312500e+02
-2.996029357910156250e+02
-2.893348999023437500e+02
-2.785597534179687500e+02
-2.673513183593750000e+02
-2.557815093994140625e+02
-2.439204254150390625e+02
-2.318365936279296875e+02
-2.195969543457031250e+02
-2.072662200927734375e+02
-1.949060211181640625e+02
-1.825740203857421875e+02
-1.703240051269531250e+02
-1.582063446044921875e+02
-1.462682189941406250e+02
-1.345538177490234375e+02
-1.231036605834960938e+02
-1.119539871215820312e+02
-1.011364440917968750e+02
-9.067843627929687500e+01
-8.060395050048828125e+01
-7.093393707275390625e+01
-6.168624877929687500e+01
-5.287520217895507812e+01
-4.451108932495117188e+01
-3.660037612915039062e+01
-2.914636039733886719e+01
-2.215006637573242188e+01
-1.561059951782226562e+01
-9.524993896484375000e+00
-3.887676000595092773e+00
1.309708476066589355e+00
6.077835559844970703e+00
1.042887306213378906e+01
1.437571620941162109e+01
1.793190574645996094e+01
2.111198043823242188e+01
2.393197441101074219e+01
2.640933990478515625e+01
2.856230163574218750e+01
3.040904808044433594e+01
3.196715927124023438e+01
3.325380706787109375e+01
3.428641891479492188e+01
3.508300781250000000e+01
3.566199874877929688e+01
3.604150772094726562e+01
3.623853683471679688e+01
3.626878356933593750e+01
3.614714813232421875e+01
3.588836669921875000e+01
3.550736236572265625e+01
3.501884078979492188e+01
3.443656158447265625e+01
3.377278518676757812e+01
3.303837585449218750e+01
3.224351882934570312e+01
3.139829635620117188e+01
3.051273155212402344e+01
2.959633445739746094e+01
2.865737724304199219e+01
2.770268440246582031e+01
2.673803710937500000e+01
2.576893234252929688e+01
2.480104064941406250e+01
2.384000205993652344e+01
2.289076232910156250e+01
2.195701217651367188e+01
2.104122161865234375e+01
2.014532279968261719e+01
1.927146148681640625e+01
1.842219543457031250e+01
1.760006523132324219e+01
1.680689048767089844e+01
1.604337692260742188e+01
1.530936622619628906e+01
1.460461711883544922e+01
1.392937850952148438e+01
1.328442001342773438e+01
1.267039585113525391e+01
1.208722877502441406e+01
1.153399085998535156e+01
1.100937652587890625e+01
1.051240921020507812e+01
1.004279232025146484e+01
9.600587844848632812e+00
9.185549736022949219e+00
8.796687126159667969e+00
8.432396888732910156e+00
8.091110229492187500e+00
7.771908760070800781e+00
7.474568843841552734e+00
7.199015617370605469e+00
6.944664955139160156e+00
6.710203647613525391e+00
6.494023799896240234e+00
6.294878482818603516e+00
6.112318515777587891e+00
5.946462631225585938e+00
5.797317981719970703e+00
5.664229869842529297e+00
5.545928001403808594e+00
5.441096782684326172e+00
5.349040985107421875e+00
5.269823551177978516e+00
